# unix_time, cycles_done, cur_path, paths_total, pending_total, pending_favs, map_size, unique_crashes, unique_hangs, max_depth, execs_per_sec
1567652354, 0, 0, 10, 10, 8, 1.46%, 0, 0, 1, 22.24
1567652359, 0, 1, 10, 10, 8, 1.46%, 0, 0, 1, 52.68
1567652389, 0, 1, 11, 11, 8, 1.46%, 0, 0, 2, 60.78
1567652405, 0, 1, 15, 15, 8, 1.47%, 0, 0, 2, 60.98
1567652410, 0, 1, 20, 20, 8, 1.48%, 0, 0, 2, 60.77
1567652415, 0, 1, 26, 26, 8, 1.50%, 0, 0, 2, 60.63
1567652420, 0, 1, 29, 29, 8, 1.51%, 0, 0, 2, 60.86
1567652425, 0, 1, 31, 31, 8, 1.55%, 0, 0, 2, 61.15
1567652430, 0, 1, 32, 32, 8, 1.56%, 0, 0, 2, 60.74
1567652435, 0, 1, 41, 41, 8, 1.56%, 0, 0, 2, 61.53
1567652486, 0, 1, 42, 42, 8, 1.56%, 0, 0, 2, 61.17
1567652512, 0, 1, 43, 43, 8, 1.56%, 0, 0, 2, 61.34
1567652558, 0, 1, 44, 44, 8, 1.57%, 0, 0, 2, 60.66
1567652563, 0, 1, 45, 45, 8, 1.57%, 0, 0, 2, 60.85
1567652584, 0, 1, 47, 47, 8, 1.57%, 0, 0, 2, 60.80
1567652594, 0, 1, 48, 48, 8, 1.57%, 0, 0, 2, 60.72
1567652599, 0, 1, 50, 50, 8, 1.57%, 0, 0, 2, 60.49
1567652604, 0, 1, 54, 54, 8, 1.62%, 0, 0, 2, 60.69
1567652630, 0, 1, 55, 55, 8, 1.62%, 0, 0, 2, 60.80
1567652686, 0, 1, 56, 56, 8, 1.62%, 0, 0, 2, 60.93
1567652757, 0, 1, 56, 56, 8, 1.62%, 1, 0, 2, 60.61
1567652793, 0, 1, 60, 60, 8, 1.62%, 1, 0, 2, 61.26
1567652834, 0, 1, 61, 61, 8, 1.62%, 1, 0, 2, 60.94
1567652885, 0, 1, 64, 64, 8, 1.63%, 1, 0, 2, 61.40
1567652982, 0, 1, 65, 65, 8, 1.63%, 1, 0, 2, 61.34
1567653002, 0, 1, 66, 66, 8, 1.63%, 1, 0, 2, 61.40
1567653063, 0, 1, 67, 67, 8, 1.63%, 1, 0, 2, 61.76
1567653165, 0, 1, 68, 68, 8, 1.63%, 1, 0, 2, 61.89
1567653170, 0, 1, 69, 69, 8, 1.63%, 1, 0, 2, 61.41
1567653200, 0, 1, 70, 70, 8, 1.66%, 1, 0, 2, 61.40
1567653347, 0, 1, 71, 71, 8, 1.66%, 1, 0, 2, 61.52
1567653408, 0, 1, 72, 72, 8, 1.66%, 1, 0, 2, 60.83
1567653464, 0, 1, 73, 73, 8, 1.68%, 1, 0, 2, 61.32
1567653627, 0, 1, 74, 74, 8, 1.68%, 1, 0, 2, 61.06
1567653703, 0, 1, 75, 75, 8, 1.68%, 1, 0, 2, 61.31
1567655184, 0, 1, 76, 76, 8, 1.68%, 1, 0, 2, 61.87
1567655856, 0, 1, 77, 77, 8, 1.68%, 1, 0, 2, 60.37
1567656718, 0, 1, 78, 78, 8, 1.70%, 1, 0, 2, 61.50
1567660474, 0, 1, 79, 79, 8, 1.70%, 1, 0, 2, 62.22
1567660484, 0, 1, 89, 89, 8, 1.70%, 1, 0, 2, 62.54
1567660489, 0, 1, 95, 95, 8, 1.71%, 1, 0, 2, 62.38
1567660495, 0, 1, 97, 97, 8, 1.72%, 1, 0, 2, 62.43
1567660500, 0, 1, 101, 101, 8, 1.72%, 1, 0, 2, 62.49
1567660505, 0, 1, 103, 103, 8, 1.72%, 1, 0, 2, 62.35
1567660515, 0, 1, 104, 104, 8, 1.73%, 1, 0, 2, 62.46
1567660546, 0, 2, 104, 103, 38, 1.73%, 1, 0, 2, 47.49
1567660660, 0, 2, 113, 112, 38, 1.73%, 1, 0, 2, 43.92
1567660665, 0, 2, 114, 113, 38, 1.73%, 1, 0, 2, 42.23
1567660997, 0, 2, 116, 115, 38, 1.73%, 1, 0, 2, 43.02
1567661334, 0, 2, 117, 116, 38, 1.73%, 1, 0, 2, 43.06
1567661339, 0, 2, 118, 117, 38, 1.73%, 1, 0, 2, 42.01
1567662014, 0, 2, 120, 119, 38, 1.73%, 1, 0, 2, 42.02
1567662701, 0, 2, 121, 120, 38, 1.73%, 1, 0, 2, 42.08
1567662716, 0, 2, 122, 121, 38, 1.73%, 1, 0, 2, 42.21
1567662742, 0, 2, 124, 123, 38, 1.73%, 1, 0, 2, 42.10
1567662997, 0, 2, 125, 124, 38, 1.74%, 1, 0, 2, 48.71
1567663007, 0, 2, 127, 126, 38, 1.74%, 1, 0, 2, 42.15
1567663017, 0, 2, 129, 128, 38, 1.74%, 1, 0, 2, 41.55
1567663033, 0, 2, 130, 129, 38, 1.74%, 1, 0, 2, 41.35
1567663230, 0, 2, 131, 130, 38, 1.74%, 1, 0, 2, 43.06
1567663261, 0, 2, 132, 131, 38, 1.74%, 1, 0, 2, 41.87
1567663370, 0, 2, 133, 132, 38, 1.74%, 1, 0, 2, 42.45
1567663499, 0, 2, 134, 133, 38, 1.74%, 1, 0, 2, 41.37
1567663541, 0, 2, 135, 134, 38, 1.74%, 1, 0, 2, 41.53
1567663931, 0, 2, 136, 135, 38, 1.74%, 1, 0, 2, 43.78
1567664142, 0, 2, 137, 136, 38, 1.74%, 1, 0, 2, 45.40
1567665493, 0, 2, 139, 138, 38, 1.74%, 1, 0, 2, 49.10
1567665499, 0, 2, 141, 140, 38, 1.74%, 1, 0, 2, 42.41
1567665504, 0, 2, 143, 142, 38, 1.74%, 1, 0, 2, 41.08
1567665519, 0, 2, 151, 150, 38, 1.74%, 1, 0, 2, 40.96
1567665544, 0, 2, 153, 152, 38, 1.74%, 1, 0, 2, 41.15
1567665549, 0, 2, 154, 153, 38, 1.74%, 1, 0, 2, 41.01
1567665555, 0, 2, 156, 155, 38, 1.74%, 1, 0, 2, 40.97
1567665560, 0, 2, 158, 157, 38, 1.74%, 1, 0, 2, 41.02
1567665575, 0, 2, 159, 158, 38, 1.74%, 1, 0, 2, 41.84
1567666852, 0, 2, 160, 159, 38, 1.76%, 1, 0, 2, 41.53
1567673496, 0, 2, 161, 160, 38, 1.76%, 1, 0, 2, 41.71
1567673593, 0, 2, 162, 161, 38, 1.76%, 1, 0, 2, 40.95
1567673633, 0, 2, 163, 162, 38, 1.76%, 1, 0, 2, 41.23
1567673643, 0, 2, 164, 163, 38, 1.76%, 1, 0, 2, 41.26
1567673761, 0, 2, 165, 164, 38, 1.76%, 1, 0, 2, 42.21
1567724727, 0, 2, 166, 165, 38, 1.76%, 1, 0, 2, 42.00
1567726899, 0, 2, 167, 166, 38, 1.76%, 1, 0, 2, 45.00
1567726904, 0, 2, 170, 169, 38, 1.76%, 1, 0, 2, 44.94
1567726919, 0, 2, 171, 170, 38, 1.77%, 1, 0, 2, 43.67
1567726934, 0, 2, 172, 171, 38, 1.77%, 1, 0, 2, 44.24
1567726939, 0, 2, 173, 172, 38, 1.77%, 1, 0, 2, 44.37
1567726949, 0, 2, 174, 173, 38, 1.77%, 1, 0, 2, 44.70
1567726975, 0, 2, 175, 174, 38, 1.77%, 1, 0, 2, 44.70
1567727006, 0, 4, 175, 173, 50, 1.77%, 1, 0, 2, 44.21
1567727061, 0, 4, 177, 175, 50, 1.77%, 1, 0, 2, 43.84
1567727192, 0, 4, 178, 176, 50, 1.77%, 1, 0, 2, 43.11
1567727443, 0, 4, 179, 177, 50, 1.77%, 1, 0, 2, 42.84
1567731433, 0, 4, 180, 178, 50, 1.78%, 1, 0, 2, 45.34
